TNM-XPO-[4, 4]
XPO-CGA-[1, 1, 1, 1, 1, 1, 1, 1, 1, 1, 1, 1]
JUR-BBT-[1, 5, 1, 1]
BBT-BGB-[2, 4, 2, 4, 3, 2, 1, 1, 4, 2, 4, 2, 3]
BGB-CCK-[2, 1, 5, 2, 2, 3, 1, 3, 1, 2, 1]
CCK-YWT-[5, 6, 1, 2, 5, 2, 3, 2, 1, 2, 1, 3, 5]
YWT-KRJ-[1, 2, 3, 1, 2, 2, 3, 2]
KRJ-MSL-[3, 1, 5, 6, 5, 2, 4, 1]
MSL-WDL-[3, 5, 2, 3, 1, 7, 5, 5, 6, 6, 6, 3, 3, 4, 2]
WDL-ADM-[2, 1, 2, 2, 1, 6, 4]
ADM-SBW-[3, 5, 2, 5, 2, 2, 1, 1, 2, 1, 2]
SBW-YIS-[1, 2, 3, 3, 1, 5, 1, 1, 3, 1, 3, 1, 2, 1, 1]
YIS-KTB-[1, 3, 4, 2, 2, 1, 2, 4]
KTB-YCK-[2, 3, 1, 1, 1, 1, 5, 5, 5, 1, 4, 1, 1, 3, 1]
YCK-AMK-[3, 3, 3, 3, 2]
AMK-CBSH-[1, 1, 4, 1, 1, 1, 5, 5, 1, 2, 5, 1, 4, 3, 2]
CBSH-BDL-[3, 4, 7, 1, 2, 2, 1, 1, 5, 2, 3, 3, 3, 3, 2, 2, 1, 1]
BDL-TAP-[6, 4, 1, 5, 2, 2, 2, 7, 3, 1, 6, 3, 3, 3]
TAP-NOV-[2, 1, 2, 1, 5, 1, 4, 2, 2, 2, 6, 2, 2, 6, 1]
NOV-NEW-[1, 5, 2, 2, 1, 1, 5, 1, 1, 5, 2, 5, 3]
NEW-ORC-[1, 3, 2, 2, 6, 2, 2, 2, 2, 1]
ORC-SOM-[2, 1, 5, 2, 3, 3, 7, 2, 2, 6, 2, 2, 2]
SOM-CDBG-[1, 1, 3, 5, 5, 1, 1, 1, 1, 2, 6, 6, 3, 3, 5, 3, 2, 3, 2, 3, 6, 3, 7, 2, 2, 2, 6, 3, 6, 2]
CDBG-CTH-[2, 5, 1, 1, 1, 1, 6, 3, 5, 3, 3]
CTH-RFP-[1, 4, 1, 3, 7, 2, 3, 1, 2, 6, 2, 1, 3, 1, 2, 1, 2, 3, 1, 1, 2]
RFP-CMRB-[2, 2, 1, 4, 2, 2]
CMRB-MSP-[]
PSR-TAM-[5, 2, 5, 2, 1, 4, 1, 1, 5, 2, 1, 5, 2, 4, 1]
TAM-SIM-[2, 2, 1, 2, 5, 2, 2, 1, 4, 2, 1, 2, 4, 2, 2, 3, 2, 2, 4, 1]
SIM-TNM-[1, 4, 1, 3, 2, 1, 4, 3, 1, 3, 3, 1, 2, 1, 4, 3, 3, 1, 1, 3, 3, 1, 2, 3, 1]
TNM-BDK-[1, 5, 1, 3, 2, 3, 1, 3, 2, 4, 2, 1, 3, 1, 3, 3, 1, 2, 1]
BDK-KEM-[4, 3, 2, 3, 1, 2, 1, 1, 1, 4, 1, 3, 2, 3, 1, 3, 1, 3, 2, 7, 6]
KEM-EUN-[1, 3, 1, 4, 6, 1, 3, 2, 5, 1, 1, 4, 1, 1, 3, 2, 1, 3, 7, 4, 1, 2, 6, 3, 1, 5, 2, 2]
EUN-CPYL-[1, 2, 3, 6, 5, 2, 3, 1, 6, 3, 2, 3, 6, 7, 3, 1, 6, 3, 2, 2, 5, 5, 2, 2, 1, 2, 2, 2]
CPYL-ALJ-[2, 1, 1, 2, 1, 1, 5, 2, 4, 4, 4, 2, 3, 3, 2, 3, 2, 3, 6, 2, 3, 6, 2, 1, 4, 2, 6, 3]
ALJ-KAL-[1, 3, 1, 1, 5, 3, 3, 2, 2, 6, 1, 1, 3, 6, 2, 1, 6, 3, 1, 6, 3, 4, 3, 2, 3, 2]
KAL-LVR-[3, 2, 1, 3, 7, 2, 1, 3, 1, 4, 2, 2, 3, 2, 3, 3, 1, 6, 3, 3, 6, 2]
LVR-BGS-[]
BGS-CTH-[]
RFP-TPG-[3, 2, 1, 2, 1, 2, 3, 2, 2, 3, 2, 4, 1, 1, 3, 2, 3, 3, 1, 1]
TPG-OTP-[3, 3, 4, 1, 3, 2, 1, 3, 2, 1, 3, 3, 4, 4, 3, 2, 1, 3, 2, 2]
OTP-TIB-[1, 3, 1, 5, 2, 1, 3, 1, 1, 1, 1, 4, 3, 3, 3, 3, 3, 1]
TIB-RDH-[3, 1, 2, 3, 3, 2, 3, 2, 1, 3, 1, 4, 2, 1, 4, 1, 3, 2, 2, 3, 4, 1, 2, 3]
RDH-QUE-[1, 1, 2, 3, 3, 2, 1, 4, 1, 3, 2, 1, 4, 1, 2, 1, 4, 3, 1, 3, 2, 3, 1, 2]
QUE-COM-[2, 3, 2, 2, 1, 2, 2, 1, 4, 2, 2, 3, 2, 1, 3, 1]
COM-CBNV-[1, 3, 1, 4, 3, 1, 1, 3, 1, 3, 2, 2, 3, 4, 2, 1, 3, 1, 1, 3, 3, 2, 4, 3, 1]
CBNV-DVR-[2, 1, 3, 2, 4, 3, 1, 3, 2, 2, 1, 3, 1, 4, 7, 5, 3, 2, 1, 4, 7, 3, 2, 3, 4, 6, 5, 1, 3, 4, 5, 4]
DVR-CLE-[1, 1, 2, 1, 1, 3, 7, 5, 2, 5, 5, 7, 1, 2, 1, 5, 8, 2, 3, 2, 3, 7, 2]
CLE-JUR-[1, 1, 1, 4, 2, 4, 4, 3, 7, 2, 2, 5, 1, 3, 1, 1]
JUR-CNG-[2, 6, 3, 2, 3, 1, 1, 3, 1, 1, 1, 3, 4, 1, 1, 4, 1]
CNG-LKS-[2, 3, 1, 1, 1, 2, 2, 1, 3, 2, 1, 1, 4, 1, 3, 2, 3, 2, 2]
LKS-BNL-[1, 3, 2, 1, 1, 1, 3, 3, 3, 2, 1, 1, 5, 2, 1, 2, 1, 4, 1, 1, 3]
BNL-PNR-[3, 1, 1, 1, 1, 6, 2, 3, 1, 6, 3, 2]
PNR-JKN-[]
JKN-GCL-[]
GCL-TCR-[7]
TCR-TWR-[8, 8, 5, 5, 6, 6]
TWR-TLK-[]
CDBG-CBBS-[3, 2, 1, 5, 2, 1, 1, 6, 3, 1, 6, 3, 3, 3, 4, 4, 3, 8, 3, 3, 3, 3, 8, 3, 3, 8, 3, 3, 3, 3, 3, 3, 8, 3, 3, 8, 3, 3, 3, 3, 9, 4, 3, 9, 4, 4, 4, 4, 4, 4, 9, 4, 4, 9, 4]
CBBS-CEPN-[3, 8, 3, 4, 4, 9, 4, 2, 5, 4, 1, 4, 5, 2, 4, 1, 5, 2, 4, 8, 3, 2, 3, 2, 7, 2, 3, 3, 3, 3, 7, 3, 3, 8, 4, 3, 7, 2, 3, 8, 4, 2, 4, 3, 4, 3, 3, 3, 8, 3, 4, 8, 3, 3, 3, 3, 3, 3, 3, 3, 9, 4, 3, 3, 8, 3, 3, 9, 4, 4, 4, 4, 4, 4, 4, 4, 9, 4, 4, 9, 4, 4, 9, 4, 4, 9, 4, 4, 4, 4, 4, 4, 4, 4, 4, 4, 9, 3, 4, 9, 3, 3, 3, 3, 3, 3]
CEPN-CPMN-[1, 3, 6, 3, 5, 3, 8, 5, 3, 5, 3, 5, 3, 5, 3, 8, 5, 2, 6, 2, 2, 6, 2, 2, 2, 2, 7, 5, 2, 7, 5, 5, 3, 5, 2, 3, 8, 5, 3, 8, 5, 5, 3, 1, 5, 2, 3, 1, 3, 8, 5, 3, 8, 5, 5, 3, 5, 3, 5, 3, 3, 9, 6, 3, 9, 6, 6, 4, 6, 4, 6, 4, 4, 1, 9, 6, 1, 6, 3]
CPMN-CNCH-[3, 2, 3, 3, 1, 2, 2, 3, 1, 5, 2, 2, 2, 4, 2, 4, 2, 3, 1, 3, 3, 2, 3, 2, 4, 2, 3, 3, 2, 2, 2, 3, 1, 3, 2, 2, 3, 3]
CNCH-CSDM-[3, 3, 1, 3, 1, 3, 3, 1, 3, 4, 2, 4, 2, 4, 2, 2, 4, 2, 4, 3, 1, 3, 1, 1, 3, 3, 1, 3, 1, 3, 1, 1, 3, 1, 3, 2, 3, 1, 1, 3, 1, 3, 3, 1, 3, 1, 1, 4, 1]
CSDM-CMBT-[2, 1, 3, 3, 7, 9, 9, 3, 1, 6, 3, 1, 7, 2, 2, 7, 1, 1, 3, 1, 3, 4, 2, 4, 2, 2, 4, 2, 4, 3, 1, 2, 2, 2, 3, 1, 3, 1, 1, 3, 1, 3, 3, 1, 3, 1, 1, 3, 1, 3, 3, 1]
CMBT-CDKT-[1, 3, 3, 8, 3, 4, 9, 3, 3, 4, 3, 4, 3, 4, 3, 8, 3, 3, 8, 3, 3, 8, 3, 3, 1, 4, 1, 1, 4, 1, 1, 1, 3, 1, 3, 4, 2, 4, 2, 2, 5, 1, 2, 5, 1, 1, 3, 1, 1, 3, 1, 1, 3, 1, 3, 3, 1, 3, 1, 1, 3, 1, 3, 3, 1, 3, 1, 1, 3]
CDKT-CPYL-[1, 1, 6, 3, 3, 2, 2, 8, 3, 7, 7, 3, 2, 2, 8, 3, 7, 7, 2, 2, 3, 7, 7, 3, 3, 3, 1, 3, 1, 1, 4, 1, 1, 4, 1, 1, 1, 3, 1, 3, 4, 2, 4, 2, 2, 4, 2, 4, 3, 1, 3, 1, 1, 3, 2, 3, 1, 3, 1, 1, 3, 1, 3, 3, 1]
CPYL-CMPS-[4, 2, 3, 6, 1, 1, 3, 3, 1, 6, 3, 2, 3, 1, 3, 2, 1, 3, 6, 8, 3, 1, 3, 6, 8, 3, 1, 1, 6, 3, 3, 1, 2, 2, 3, 3, 3, 3, 3, 2, 2, 2, 4, 1, 4, 1, 1, 3, 1, 3, 1, 3, 2, 2, 2, 4, 2, 2, 2, 2, 2, 2, 4, 2, 2]
CMPS-CTSG-[1, 6, 4, 1, 1, 3, 1, 3, 3, 1, 3, 1, 3, 1, 3, 1, 3, 1, 3, 1, 3, 1, 3, 3, 3, 1, 4, 1, 3, 1, 1, 1, 3, 1, 3, 3, 1, 1, 1, 5, 2, 1, 5, 2, 2, 2, 4, 2, 4, 3, 1, 3, 1, 1, 3, 1, 3, 2]
CTSG-CBLY-[2, 3, 1, 2, 1, 1, 3, 1, 1, 2, 1, 1, 2, 1, 1, 4, 1, 4, 2, 1, 1, 3, 1, 3, 3, 3, 3, 3, 2, 3, 3, 3, 2, 2, 2, 5, 2, 2, 2, 2, 6, 4, 4, 1, 4, 1, 1, 3, 1, 3, 1, 3, 3, 3, 2, 2]
CBLY-CSER-[3, 2, 5, 2, 3, 2, 5, 2, 4, 2, 4, 2, 4, 1, 4, 2, 3, 2, 4, 9, 4, 2, 3, 1, 1, 4, 1, 1, 4, 1, 1, 3, 1, 1, 3, 1, 4, 1, 3, 1, 1, 1, 4, 1, 1, 4, 1, 1, 1, 3, 1, 1, 3, 3, 1, 3, 1, 1, 4, 1, 1, 4, 1, 1, 1, 4, 1, 1, 4, 1, 1, 1, 4, 1, 1]
CSER-CLRC-[3, 1, 3, 1, 2, 7, 2, 3, 1, 2, 7, 2, 1, 2, 7, 2, 1, 3, 3, 1, 3, 2, 4, 1, 1, 2, 2, 2, 2, 5, 3, 2, 3, 3, 2, 2, 5, 3, 3, 3, 2, 2, 3, 2, 2, 2, 3, 3, 3, 3, 3, 3, 3, 3]
CLRC-CBSH-[2, 8, 3, 3, 2, 7, 2, 3, 2, 7, 2, 2, 2, 3, 5, 2, 2, 3, 2, 7, 2, 3, 2, 7, 2, 3, 2, 2, 4, 2, 2, 2, 2, 3, 2, 2, 2, 3, 3, 2, 3, 3, 2, 2, 2, 2, 2, 3, 3, 3, 3, 1, 3, 1, 1, 4]
CBSH-CMRM-[2, 7, 2, 3, 2, 7, 2, 3, 2, 2, 3, 8, 3, 3, 2, 7, 2, 3, 2, 7, 2, 3, 2, 2, 2, 2, 1, 1, 2, 2, 2, 4, 2, 2, 2, 2, 2, 3, 1, 3, 3, 3, 1, 3, 1, 3, 1, 2, 1, 3, 3, 3, 3, 2, 2, 4, 1]
CMRM-CCDT-[2, 3, 1, 3, 3, 1, 3, 8, 3, 1, 1, 4, 2, 1, 3, 3, 1, 3, 3, 1, 3, 8, 3, 3, 1, 3, 1, 1, 3, 1, 3, 2, 2, 2, 3, 3, 2, 2, 2, 4, 2, 3, 1, 3, 1, 1, 3, 1, 3, 1, 3, 3, 3, 1, 3, 3, 2, 2, 3]
CCDT-CBTN-[1, 6, 1, 1, 3, 5, 1, 3, 5, 1, 3, 5, 3, 5, 1, 3, 5, 1, 3, 5, 1, 3, 1, 3, 1, 1, 1, 4, 1, 1, 1, 3, 1, 3, 3, 1, 3, 1, 1, 3, 1, 3, 2, 2, 3, 1, 3, 1, 1, 4, 1, 1, 4, 1, 1, 1, 4, 1, 1, 4, 1, 1, 1, 3, 1, 1, 3, 1, 1, 4, 1]
CBTN-CFRR-[2, 7, 2, 1, 3, 3, 3, 3, 2, 3, 8, 3, 3, 1, 3, 8, 3, 3, 3, 3, 3, 2, 3, 3, 3, 3, 3, 1, 3, 2, 2, 3, 3, 1, 3, 2, 2, 2, 2, 2, 2, 2, 5, 3, 3, 1, 3, 1, 1, 3, 1, 3, 3]
CFRR-CHLV-[3, 2, 2, 7, 2, 3, 2, 7, 2, 1, 3, 2, 1, 3, 2, 1, 3, 2, 7, 2, 1, 4, 1, 2, 7, 2, 1, 4, 1, 2, 3, 3, 3, 1, 3, 1, 3, 1, 3, 1, 3, 3, 3, 3, 2, 2, 3, 3, 2, 2, 2, 2, 2, 3, 3, 3, 3]
CHLV-CBNV-[2, 2, 3, 1, 3, 3, 3, 8, 3, 3, 3, 8, 3, 3, 3, 3, 3, 3, 3, 1, 3, 1, 1, 3, 1, 3, 1, 4, 1, 3, 1, 1, 4, 1, 1, 4, 1, 1, 3, 1, 3, 3, 1, 3, 1, 1, 3, 1, 3, 2, 2, 3, 1, 3, 1, 3, 1, 1]
CBNV-CONH-[3, 8, 3, 3, 8, 3, 3, 3, 1, 3, 4, 1, 1, 3, 4, 1, 1, 3, 8, 3, 1, 3, 8, 3, 1, 3, 1, 3, 1, 3, 3, 1, 3, 1, 1, 3, 3, 3, 1, 3, 1, 1, 4, 1, 1, 4, 1, 1, 1, 3, 1, 3, 3, 1, 3, 1, 1, 3, 1, 3, 2, 2, 1, 3, 3, 1]
CONH-CKRG-[2, 7, 3, 3, 1, 1, 2, 3, 1, 3, 8, 3, 4, 1, 1, 3, 8, 3, 1, 3, 1, 3, 2, 1, 3, 2, 1, 4, 1, 1, 1, 3, 1, 3, 1, 3, 1, 3, 1, 1, 3, 1, 3, 3, 1, 1, 1, 3, 1, 4, 1, 1, 1, 3, 1, 3, 3, 1, 3, 1, 1, 3, 1, 3, 3, 1, 1, 3]
CKRG-CHPV-[4, 1, 2, 3, 8, 3, 3, 1, 2, 3, 2, 3, 2, 7, 2, 2, 3, 8, 3, 2, 3, 8, 3, 2, 3, 3, 3, 3, 2, 2, 2, 3, 3, 2, 2, 2, 5, 3, 3, 3, 3, 3, 3, 2, 2, 2, 3, 3, 2, 2, 3]
CHPV-CPPJ-[1, 3, 1, 1, 6, 3, 1, 3, 3, 8, 2, 3, 3, 8, 3, 3, 2, 1, 3, 2, 1, 3, 2, 1, 3, 3, 1, 1, 4, 1, 1, 4, 1, 1, 1, 3, 1, 3, 3, 1, 3, 1, 1, 3, 1, 3, 3, 1, 3, 3, 1, 3, 1, 3, 1, 1, 3, 1, 3, 3, 1, 3, 1, 1, 3, 1, 3, 3]
CPPJ-CLBD-[3, 3, 1, 3, 6, 3, 1, 3, 2, 1, 3, 3, 8, 2, 3, 8, 2, 3, 3, 8, 2, 3, 2, 2, 2, 2, 5, 3, 3, 1, 3, 1, 1, 3, 2, 3, 3, 1, 3, 2, 3, 1, 1, 3, 1, 3, 3, 3, 2, 2, 2, 3, 3, 3]
CLBD-CTLB-[1, 4, 2, 2, 2, 5, 1, 1, 3, 1, 2, 7, 2, 2, 1, 7, 3, 3, 1, 1, 7, 3, 1, 3, 6, 3, 1, 3, 6, 3, 1, 1, 3, 1, 1, 3, 1, 1, 1, 3, 3, 1, 1, 3, 1, 1, 4, 1, 1, 4, 1, 1, 3, 1, 1, 3, 1, 3, 1, 3, 1, 1, 4, 1, 1, 4, 1, 1, 1, 3, 1, 1, 3, 1, 1, 1, 4, 1, 1, 1, 4, 1]
CTLB-CHBF-[2, 5, 3, 2, 1, 2, 2, 4, 1, 4, 1, 1]
CMRB-CBFT-[]
CBFT-CPMN-[]
